1.-

3.
	x1 =  3.16667
	x2 = -2.00000
	x3 =  3.16667
	x4 =  1.68750
4.	[-1.2, 2.8]
5.
	x0 = 0
	x1 = 2.3
	x2 = 1.6514
